
===== 主窗（10bp，5 相位中位）=====
 arm    tau  total     dd  sharpe  y2025  y2026  changes  stops  blocked  missing
base +0.000 +0.829 -0.130  +2.033 +0.041 +0.756  +39.000 +1.000   +0.000   +0.000
   A -0.010 +0.728 -0.130  +1.837 -0.016 +0.756  +39.000 +2.000   +1.000   +0.000
   B -0.010 +0.295 -0.165  +0.979 -0.041 +0.350  +37.000 +2.000  +59.000   +0.000
  AB -0.010 +0.295 -0.165  +0.979 -0.041 +0.350  +37.000 +2.000  +59.000   +0.000
   A -0.005 +0.884 -0.130  +2.135 +0.073 +0.756  +38.000 +1.000   +2.000   +0.000
   B -0.005 +0.187 -0.218  +0.711 -0.041 +0.237  +36.000 +3.000  +63.000   +0.000
  AB -0.005 +0.310 -0.165  +1.022 -0.041 +0.366  +37.000 +2.000  +62.000   +0.000
   A +0.000 +0.884 -0.130  +2.135 +0.073 +0.756  +38.000 +1.000   +2.000   +0.000
   B +0.000 +0.193 -0.178  +0.741 -0.041 +0.244  +34.000 +2.000  +72.000   +0.000
  AB +0.000 +0.310 -0.165  +1.022 -0.041 +0.366  +37.000 +2.000  +62.000   +0.000
   A +0.005 +0.884 -0.130  +2.135 +0.073 +0.756  +38.000 +1.000   +2.000   +0.000
   B +0.005 +0.252 -0.178  +0.906 +0.007 +0.244  +32.000 +2.000  +82.000   +0.000
  AB +0.005 +0.375 -0.165  +1.183 +0.007 +0.366  +35.000 +2.000  +72.000   +0.000
   A +0.010 +0.884 -0.130  +2.135 +0.073 +0.756  +38.000 +1.000   +2.000   +0.000
   B +0.010 +0.145 -0.191  +0.618 +0.007 +0.138  +32.000 +2.000  +80.000   +0.000
  AB +0.010 +0.141 -0.165  +0.602 +0.007 +0.133  +36.000 +2.000  +69.000   +0.000

===== 副窗（10bp，5 相位中位）=====
 arm    tau  total     dd  sharpe  y2025  y2026  changes  stops  blocked  missing
base +0.000 +0.876 -0.130  +2.069 +0.068 +0.756  +40.000 +1.000   +0.000   +0.000
   A -0.010 +0.773 -0.130  +1.877 +0.009 +0.756  +40.000 +2.000   +1.000   +0.000
   B -0.010 +0.328 -0.165  +1.039 -0.016 +0.350  +38.000 +2.000  +59.000   +0.000
  AB -0.010 +0.328 -0.165  +1.039 -0.016 +0.350  +38.000 +2.000  +59.000   +0.000
   A -0.005 +0.933 -0.130  +2.169 +0.101 +0.756  +39.000 +1.000   +2.000   +0.000
   B -0.005 +0.217 -0.218  +0.777 -0.016 +0.237  +37.000 +3.000  +63.000   +0.000
  AB -0.005 +0.344 -0.165  +1.081 -0.016 +0.366  +38.000 +2.000  +62.000   +0.000
   A +0.000 +0.933 -0.130  +2.169 +0.101 +0.756  +39.000 +1.000   +2.000   +0.000
   B +0.000 +0.224 -0.178  +0.809 -0.016 +0.244  +35.000 +2.000  +72.000   +0.000
  AB +0.000 +0.344 -0.165  +1.081 -0.016 +0.366  +38.000 +2.000  +62.000   +0.000
   A +0.005 +0.933 -0.130  +2.169 +0.101 +0.756  +39.000 +1.000   +2.000   +0.000
   B +0.005 +0.285 -0.178  +0.971 +0.033 +0.244  +33.000 +2.000  +82.000   +0.000
  AB +0.005 +0.410 -0.165  +1.239 +0.033 +0.366  +36.000 +2.000  +72.000   +0.000
   A +0.010 +0.933 -0.130  +2.169 +0.101 +0.756  +39.000 +1.000   +2.000   +0.000
   B +0.010 +0.175 -0.191  +0.692 +0.033 +0.138  +33.000 +2.000  +80.000   +0.000
  AB +0.010 +0.170 -0.165  +0.675 +0.033 +0.133  +37.000 +2.000  +69.000   +0.000

===== 判据 Δ（主窗 10bp）=====
arm     tau  Δtotal     Δdd  blocked  missing
  A -0.0100 -0.1009 -0.0000  +1.0000  +0.0000
  B -0.0100 -0.5344 -0.0346 +59.0000  +0.0000
 AB -0.0100 -0.5344 -0.0346 +59.0000  +0.0000
  A -0.0050 +0.0555 -0.0000  +2.0000  +0.0000
  B -0.0050 -0.6421 -0.0882 +63.0000  +0.0000
 AB -0.0050 -0.5190 -0.0346 +62.0000  +0.0000
  A +0.0000 +0.0555 -0.0000  +2.0000  +0.0000
  B +0.0000 -0.6358 -0.0475 +72.0000  +0.0000
 AB +0.0000 -0.5190 -0.0346 +62.0000  +0.0000
  A +0.0050 +0.0555 -0.0000  +2.0000  +0.0000
  B +0.0050 -0.5765 -0.0475 +82.0000  +0.0000
 AB +0.0050 -0.4540 -0.0346 +72.0000  +0.0000
  A +0.0100 +0.0555 -0.0000  +2.0000  +0.0000
  B +0.0100 -0.6837 -0.0607 +80.0000  +0.0000
 AB +0.0100 -0.6882 -0.0346 +69.0000  +0.0000
